429 2.799124 4.181136
354 0.826913 0.450468
449 2.598931 3.737741
552 0.785934 0.721910
384 0.801922 0.789790
541 2.638391 3.806273
395 3.511338 -3.138105
491 2.415381 3.673513
485 4.993077 -3.282999
480 5.113981 -3.346548
555 1.139412 -0.741209
367 0.907577 0.076051
519 0.835614 0.444697
473 0.923416 0.043979
489 0.845098 0.486960
417 3.408795 -3.047596
468 11.894969 -8.520113
443 12.003794 -8.624375
355 1.197907 -0.789272
526 0.930613 0.061769
516 3.022959 4.278900
467 3.166751 4.273928
441 4.324296 6.269370
399 4.519111 6.527147
572 3.262045 4.429387
438 3.391801 -3.078060
357 3.031934 4.319749
466 2.739984 4.146955
501 4.425875 6.406310
471 0.917616 0.019448
452 1.318352 -0.917781
482 0.949967 -0.117049
378 3.131578 -2.745628
502 2.428004 3.679712
525 3.925899 -3.561187
506 3.449878 -3.122376
548 0.907652 0.064662
400 3.395978 -3.052155
492 3.049006 -2.684294
538 4.613739 -4.091331
424 3.922060 5.706876
515 3.021346 -2.618712
422 0.932980 0.034639
514 3.377639 -3.066687
551 3.897409 5.598521
545 2.087201 -1.598369
436 2.754963 -2.261304
493 4.654831 -4.109249
517 3.854149 -3.488687
522 2.787035 4.192188
450 0.818436 0.450204
356 10.975060 -4.592839
411 11.143532 -4.794923
568 2.747513 4.103154
402 3.276767 -2.956179
546 0.896949 0.061245
461 2.657001 -2.202375
457 2.961381 4.229822
560 0.933770 0.061704
527 2.154126 -1.683426
490 2.407380 3.535900
554 2.948150 4.219404
520 2.799494 -2.391340
567 2.977575 -2.516883
370 3.529918 -3.144454
361 0.807046 0.424428
507 3.504800 -3.128122
391 3.149943 -2.768747
528 2.444013 3.449411
544 3.416622 -3.057957
390 5.484197 -3.354498
430 1.202780 -0.551312
381 4.653949 6.414287
505 4.722184 6.491227
518 3.085503 4.306509
503 3.326488 -2.971350
474 2.562805 3.405022
403 2.575252 3.428248
396 0.858939 0.430440
364 4.226155 6.130642
394 0.932634 0.057689
523 2.368378 -1.889824
537 1.239734 -0.556829
435 2.713880 3.904305
433 2.680654 3.849027
511 0.944646 0.072300
407 2.535068 3.509005
420 0.997157 0.192176
366 2.423200 -2.018899
426 3.120834 3.773105
486 3.751504 5.387878
448 1.438170 1.276827
553 4.269589 -3.673107
456 3.473545 -3.123526
363 2.919626 -2.553077
359 0.801511 0.417784
571 1.521860 1.339777
524 3.279564 -2.945948
451 1.007344 0.267012
360 2.309785 -1.862066
365 5.403523 -3.294219
543 2.268459 2.374788
439 1.825614 -1.399139
431 3.741876 -3.376346
444 2.444916 -2.013961
350 2.305947 2.526822
558 3.151072 3.779282
556 2.522169 -2.061687
405 2.492732 3.581182
455 1.224297 -0.691260
352 1.412291 0.484524
409 1.072304 -0.012724
465 3.366755 -3.017070
494 1.478130 0.474807
547 0.903369 0.031682
483 4.007264 -3.432547
497 4.331428 -3.725323
561 3.620702 -3.201573
559 3.458002 -3.092919
421 1.060820 0.273220
513 3.803725 -3.294945
372 3.277720 3.928372
371 4.031491 -2.374771
529 2.491621 3.572378
418 1.013328 0.328237
542 2.951252 -2.559776
388 1.128850 -0.475843
557 1.175627 -0.567950
425 2.893503 3.468216
488 0.964492 0.109891
393 3.606084 5.227464
470 3.388375 4.046650
423 2.228692 -1.760287
459 2.733762 3.873950
570 0.973847 -0.136539
487 1.005757 -0.062383
535 2.323415 3.472307
410 2.313699 3.273353
427 2.462487 3.486723
376 3.930692 -3.362275
484 2.897774 -2.539947
416 0.944166 0.425227
475 3.958307 -3.359518
463 1.960907 -1.508307
374 3.323478 -2.983397
500 4.004700 -3.415333
508 2.575810 3.536169
445 0.911373 0.295641
534 2.327872 3.311297
566 3.263192 -2.944760
531 1.261677 -0.815287
368 1.077474 -0.120590
562 0.606839 0.359765
408 3.155015 -2.695201
353 2.805561 -2.436912
415 1.007384 0.216073
530 0.785033 0.578548
569 2.388024 3.307191
512 0.979108 0.108927
398 1.062795 -0.069668
440 2.252382 3.272275
481 0.903116 0.161128
413 2.850014 3.365248
477 2.661665 3.815474
510 0.991085 0.220826
404 3.545263 -3.096598
362 2.539629 3.023846
532 2.368192 3.413443
564 3.655361 5.307946
540 2.474777 3.420060
458 0.885120 0.399497
437 2.446005 3.490810
479 1.099757 -0.431266
536 1.108767 0.417451
392 1.172246 -0.557957
382 2.215607 3.049406
495 0.942762 0.379772
397 2.583475 -1.955340
386 1.538219 1.531623
469 1.869909 1.976303
385 2.568923 3.449817
379 1.569794 1.575223
504 2.647033 -1.932261
369 0.999212 0.233370
446 2.635926 3.107629
34 0.559375 0.355375
472 0.511952 -0.005959
496 0.945419 -0.376388
428 2.426038 -2.165755
380 2.308496 3.354210
373 3.047377 -2.611650
432 2.684970 -2.226906
521 1.892178 2.649507
198 2.171889 3.228042
414 2.367009 -1.822270
454 0.668026 0.582602
533 0.409833 0.016852
476 1.914182 2.797243
539 1.298628 1.134185
401 0.529893 0.511562
478 1.843464 2.712336
509 2.103249 2.982960
389 1.969336 2.511324
499 1.425082 1.733845
412 2.290041 -2.047859
349 0.554242 0.246615
460 2.585219 -2.274040
464 0.638710 0.506809
377 0.526361 0.462046
419 2.252843 -1.955730
563 2.326132 -1.948553
173 0.529232 0.122883
434 0.863982 0.036123
453 0.546815 0.405751
406 0.578316 0.417353
549 0.436837 0.029864
351 0.634266 0.511812
498 0.601652 0.203636
442 1.840161 2.648985
462 1.458609 1.667755
375 1.573153 2.066735
565 1.195195 0.861233
383 0.699986 0.642523
387 0.924007 -0.331521
