15 1.634084 -0.457127
46 1.824345 -0.514403
16 1.604881 -0.453360
61 1.901026 -0.568758
19 1.874215 -0.564799
64 1.835533 -0.518481
23 1.704643 -0.470378
47 1.770315 -0.508539
66 1.626150 -0.466355
21 1.816503 -0.551730
49 0.003753 1.317765
18 0.005754 1.411108
5 -0.011499 1.501456
63 -0.001230 1.465014
11 -0.046882 1.507933
40 -0.002653 1.323555
22 0.000086 1.362279
53 -0.002414 1.318351
6 0.021763 1.594905
55 0.044917 1.410868
56 0.640123 0.572362
29 0.641230 0.560375
50 -0.073735 1.573863
7 -0.020557 1.606954
62 -0.019149 1.424373
13 0.033663 1.112777
31 0.635345 0.603238
65 0.647202 0.542707
10 0.648266 0.559146
58 0.617165 0.511242
54 0.002963 1.253862
20 0.040176 1.263543
8 0.071858 1.307391
43 -0.022037 1.336762
14 0.035826 1.316887
57 4.497968 -0.429362
44 4.623433 -0.468755
26 4.456825 -0.438139
25 4.391779 -0.397169
60 0.087088 1.324363
45 0.570655 0.681893
41 0.005786 1.207864
9 0.052480 1.185713
28 0.634365 0.622810
39 0.321468 1.598371
51 0.781522 1.842988
59 0.262042 1.478601
4 0.207604 1.376051
33 0.799769 1.859587
2 0.299285 1.487065
30 1.326545 -0.098203
38 0.293121 1.493054
24 1.280933 -0.122666
35 1.314120 -0.167337
27 1.423899 -0.369935
36 1.388465 -0.170637
3 0.290661 1.581485
68 1.469416 -0.374959
48 0.054922 1.563933
32 0.087664 1.475378
34 0.961692 1.599748
52 4.593121 -0.364619
17 4.657921 -0.293040
42 0.985903 1.729620
12 0.002713 1.305464
67 0.001831 1.352458
37 0.815429 2.739722
1 0.846524 2.715925
