13 -0.281131 2.051381
16 -0.277349 2.040254
7 -1.958532 -0.409723
8 -1.977251 -0.361392
26 -1.945327 -0.374383
22 -1.985780 -0.386384
1 -1.945503 -0.360054
0 -1.988387 -0.392009
3 -1.945933 -0.305848
29 -1.864376 -0.329001
21 -1.976008 -0.357562
4 -2.032746 -0.390906
28 -1.893962 -0.261475
25 -1.937934 -0.368530
23 -2.014354 -0.355970
2 -1.874010 -0.322889
6 -1.839013 -0.302169
27 -2.067326 -0.347071
24 -1.927916 -0.343998
5 -2.037755 -0.381895
14 -0.336671 2.459872
12 -0.356749 3.204656
15 -0.310897 2.499516
17 -0.383988 3.393064
18 -1.320443 4.439743
11 -1.350518 4.556827
19 -0.894609 2.290231
10 -0.812990 2.297763
20 -1.400794 0.007148
9 -1.548241 -0.037982
